FCFS:
3
A 0 2
B 3 1
C 5 6

SJF:
5
A 2 6
B 5 2
C 1 8
D 0 3
E 4 4

NP priority:
5
A 0 20 4
B 20 25 2
C 15 25 3
D 10 15 3
E 25 10 10

RR:
5 2
A 0 4
B 2 7
C 3 3
D 3.5 3
E 4 5

P priority:
4
A 0 9 2
B 4 4 1
C 10 3 3 
D 0 6 4

bankers:
5 3
0 1 0
2 0 0
3 0 2 
2 1 1
0 0 2
7 5 3
3 2 2
9 0 2
2 2 2
4 3 3
3 3 2

mvtmft:
80
15
6
12 18 14 16 10 20

fit:
5
100 500 200 300 600
4
212 417 112 426

page:
fifo:
3
13
7 0 1 2 0 3 0 4 2 3 0 3 1

lru:
4
19
7 0 1 2 0 3 0 4 2 3 0 3 2 1 2 0 1 7 0

lfu:
3
15
7 0 1 2 0 3 0 4 2 3 0 3 2 1 2

optimal:
3 
12
1 2 3 4 1 2 5 1 2 3 4 5

disk:
fcfs:
8
98 183 41 122 14 124 65 67
53

scan:
8
98 183 41 122 14 124 65 67
53
200
1

look: 
8
98 183 41 122 14 124 65 67
53
1